22 16
# Wall
2 0
2 1
2 2
2 3
2 4
1 4
0 4
7 1
8 1
9 1
10 1
11 1
12 1
13 1
14 1
14 2
14 3
14 4
14 5
14 6
14 7
13 7
12 7
11 7
11 8
11 9
11 10
9 11
11 12
11 13
11 14
12 14
13 14
14 14
15 14
16 14
17 14
17 13
17 12
17 11
17 10
17 9
17 8
17 7
16 7
15 7
10 14
9 14
8 14
7 14
6 14
5 14
4 14
4 13
4 12
4 11
4 10
4 9
4 8
4 7
5 7
6 7
7 7
7 6
7 5
7 4
7 3
7 2
/
# Water
8 7
9 7
10 7
7 13
7 12
7 11
6 11
5 11
5 12
6 12
6 13
/
# Flag
5 13
/
# Baba
9 3
/
# Rock
12 3
12 5
/
# Texts
Baba 0 0
Is 0 1
You 0 2
Wall 1 0
Is 1 1
Stop 1 2
Water 6 4
Is 6 5
Sink 6 6
Flag 13 12
Is 14 12
Win 15 12
Rock 13 10
Is 14 10
Push 15 10
/