32 18
# Lava
21 0
22 0
23 0
24 0
25 0
26 0
20 1
21 1
22 1
23 1
24 1
25 1
20 2
21 2
22 2
23 2
24 2
19 3
20 3
21 3
22 3
23 3
24 3
19 4
20 4
21 4
22 4
23 4
19 5
20 5
21 5
22 5
23 5
18 6
19 6
20 6
21 6
22 6
23 6
18 7
19 7
20 7
21 7
22 7
18 8
19 8
20 8
21 8
22 8
17 9
18 9
19 9
20 9
21 9
22 9
17 10
18 10
19 10
20 10
21 10
16 11
17 11
18 11
19 11
20 11
16 12
17 12
18 12
19 12
20 12
15 13
16 13
17 13
18 13
19 13
15 14
16 14
17 14
18 14
14 15
15 15
16 15
17 15
18 15
13 16
14 16
15 16
16 16
17 16
12 17
13 17
14 17
15 17
16 17
17 17
3 0
4 0
3 1
2 1
1 1
0 1
0 2
1 2
0 3
31 17
30 17
29 17
30 16
31 15
31 16
/
# Wall
6 0
6 1
6 2
6 3
6 4
7 4
6 5
6 6
6 7
7 6
8 6
8 7
9 6
10 6
11 6
12 6
12 4
11 4
12 3
12 2
13 3
14 3
15 3
16 3
16 2
16 1
16 0
12 0
12 15
12 14
12 13
12 12
11 13
10 13
9 13
8 13
8 12
8 14
8 15
9 15
10 15
11 15
/
# Baba
14 1
/
# Flag
27 12
/
# Rock
12 5
/
# Texts
Wall 0 0
Is 1 0
Stop 2 0
Rock 7 7
Is 7 8
Push 7 9
Baba 8 3
Is 9 3
You 10 3
Lava 9 14
Is 10 14
Hot 11 14
Baba 9 12
Is 10 12
Melt 11 12
Lava 13 10
Flag 26 14
Is 27 14
Win 28 14
/