24 14
# Wall
6 8
6 7
6 6
6 5
6 4
7 4
8 4
9 4
10 4
10 5
10 3
10 2
10 1
11 1
13 1
14 1
15 1
15 2
16 1
17 1
18 1
19 1
19 2
19 3
19 4
19 5
18 5
17 5
16 5
15 5
15 4
15 6
14 6
13 6
15 8
15 9
15 10
15 11
14 11
13 11
12 11
11 11
10 11
10 10
10 9
10 8
10 7
9 8
8 8
7 8
/
# Skull
12 0
12 1
12 2
12 3
12 4
12 5
12 6
12 7
13 7
14 7
15 7
16 7
17 7
18 7
19 7
20 7
21 7
22 7
23 7
/
# Baba
8 6
/
# Flag
17 3
/
# Rock
4 0
4 1
4 2
4 3
4 4
4 5
4 6
3 6
2 6
1 6
0 6
/
# Texts
Rock 0 0
Is 1 0
Stop 2 0
Skull 0 2
Is 1 2
Defeat 2 2
Flag 0 4
Is 1 4
Win 2 4
Baba 8 10
Is 8 11
You 8 12
Wall 12 9
Is 13 9
Stop 14 9
/