26 18
# Karl
7 8
/
# Wall
0 3
1 3
2 3
3 3
3 2
3 1
3 0
22 6
22 7
22 8
24 17
24 16
24 15
24 14
25 14
24 0
24 1
24 2
24 3
25 3
0 14
1 14
1 15
1 16
1 17
/
# Flag
6 8
6 7
6 6
7 6
8 6
9 6
10 6
10 7
10 8
10 9
10 10
9 10
8 10
7 10
6 10
6 9
/
# Rock
4 4
5 4
6 4
7 4
8 4
9 4
10 4
11 4
12 4
12 5
12 6
12 7
12 8
12 9
12 10
12 11
12 12
11 12
10 12
9 12
8 12
7 12
6 12
5 12
4 12
4 11
4 10
4 9
4 8
4 7
4 6
4 5
/
# Lava
15 0
15 1
15 2
15 3
15 4
15 5
15 6
15 7
15 8
15 9
15 10
15 11
15 12
15 13
15 14
15 15
15 16
15 17
16 0
16 1
16 2
16 3
16 4
16 5
16 6
16 7
16 8
16 9
16 10
16 11
16 12
16 13
16 14
16 15
16 16
16 17
/
# Skull
14 0
14 1
14 2
14 3
14 4
14 5
14 6
14 7
14 8
14 9
14 10
14 11
14 12
14 13
14 14
14 15
14 16
14 17
/
# Texts
Wall 2 0
Is 2 1
Stop 2 2
Karl 25 6
Is 25 7
Win 24 8
Karl 0 15
Is 0 16
You 0 17
Flag 0 0
Is 0 1
Stop 0 2
Rock 1 0
Is 1 1
Stop 1 2
Lava 5 0
Is 6 0
Hot 7 0
Rock 25 15
Is 25 16
Melt 25 17
Skull 25 0
Is 25 1
Defeat 25 2
Flag 7 7
Is 8 7
Vanish 8 8
Rock 7 5
Push 7 9
Skull 20 0
Is 20 1
/
